25380 20130101  2.514 -135.69   58.43     8.3     1.1     4.7     4.9     5.6     0.01 C     1.0    -0.1     0.4    97.3    36.0    69.4 -99.000 -99.000 -99.000 -99.000 -99.000 -9999.0 -9999.0 -9999.0 -9999.0 -9999.0
25380 20130102  2.514 -135.69   58.43     3.0    -0.3     1.4     1.2     0.0     0.35 C     1.3    -1.0    -0.1   100.0    89.5    98.2 -99.000 -99.000 -99.000 -99.000 -99.000 -9999.0 -9999.0 -9999.0 -9999.0 -9999.0
25380 20130103  2.514 -135.69   58.43     0.9    -0.5     0.2     0.0     2.8     0.43 C     0.1    -1.0    -0.2    99.9    96.5    99.5 -99.000 -99.000 -99.000 -99.000 -99.000 -9999.0 -9999.0 -9999.0 -9999.0 -9999.0
25380 20130104  2.514 -135.69   58.43     0.6    29.0    45.2     0.0     1.0     0.14 C    -0.1    -5.1    -1.1    99.9    97.1    99.0 -99.000 -99.000 -99.000 -99.000 -99.000 -9999.0 -9999.0 -9999.0 -9999.0 -9999.0
25380 20130105  2.514 -135.69   58.43    69.6    42.8     0.9     0.3     3.4     0.09 C     0.2    -2.1    -0.3   100.0    90.1    98.7 -99.000 -99.000 -99.000 -99.000 -99.000 -9999.0 -9999.0 -9999.0 -9999.0 -9999.0
25380 20130106  2.514 -135.69   58.43     4.2    -1.9     1.2     2.1     0.9     0.61 C     0.4    -5.1    -0.5    99.8    71.6    88.5 -99.000 -99.000 -99.000 -99.000 -99.000 -9999.0 -9999.0 -9999.0 -9999.0 -9999.0
25380 20130107  2.514 -135.69 -9999.0 -9999.0 -9999.0 -9999.0     0.8    15.2     0.12 C     0.2    -0.3     0.0    99.9    92.1    97.7 -99.000 -99.000 -99.000 -99.000 -99.000 -9999.0 -9999.0 -9999.0 -9999.0 -9999.0
25380 20130108  2.514 -135.69   58.43     2.4    -1.2     0.6     1.0     1.5     0.58 C     0.3    -3.7    -0.6    99.6    87.0    94.6 -99.000 -99.000 -99.000 -99.000 -99.000 -9999.0 -9999.0 -9999.0 -9999.0 -9999.0
25380 20130109  2.514 -135.69   58.43     0.6    -8.6    -4.0    -4.1     0.0     2.28 C    -1.7    -7.7    -4.9    99.4    87.5    96.3 -99.000 -99.000 -99.000 -99.000 -99.000 -9999.0 -9999.0 -9999.0 -9999.0 -9999.0
25380 20130110  2.514 -135.69   58.43    -0.9    -2.8    -1.8    -1.6     1.7     0.19 C    -0.3    -2.7    -1.4    98.9    95.7    97.3 -99.000 -99.000 -99.000 -99.000 -99.000 -9999.0 -9999.0 -9999.0 -9999.0 -9999.0
25380 20130111  2.514 -135.69   58.43     0.1    -1.2    -0.5    -0.4     3.0     0.09 C    -0.1    -1.4    -0.5    99.2    97.1    98.5 -99.000 -99.000 -99.000 -99.000 -99.000 -9999.0 -9999.0 -9999.0 -9999.0 -9999.0
25380 20130112  2.514 -135.69   58.43     0.3     0.0     0.2     0.1     3.0     0.15 C     0.0    -0.1    -0.1   100.0    99.2    99.8 -99.000 -99.000 -99.000 -99.000 -99.000 -9999.0 -9999.0 -9999.0 -9999.0 -9999.0
25380 20130113  2.514 -135.69   58.43     4.4     0.2     2.3     0.9     7.2     0.23 C     1.0    -0.1     0.1   100.0    97.6    99.8 -99.000 -99.000 -99.000 -99.000 -99.000 -9999.0 -9999.0 -9999.0 -9999.0 -9999.0
25380 20130114  2.514 -135.69   58.43     5.4     4.3     4.9     4.9    11.4     0.03 C     1.3     0.7     1.0    98.1    89.9    95.4 -99.000 -99.000 -99.000 -99.000 -99.000 -9999.0 -9999.0 -9999.0 -9999.0 -9999.0
25380 20130115  2.514 -135.69   58.43     5.0    -0.1     2.5     2.5    24.1     0.15 C     1.1    -0.6     0.4    99.9    92.6    97.6 -99.000 -99.000 -99.000 -99.000 -99.000 -9999.0 -9999.0 -9999.0 -9999.0 -9999.0
25380 20130116  2.514 -135.69   58.43     2.9     0.0     1.5     1.5    17.5     0.05 C     0.8    -0.2     0.2    99.9    93.1    98.3 -99.000 -99.000 -99.000 -99.000 -99.000 -9999.0 -9999.0 -9999.0 -9999.0 -9999.0
25380 20130117  2.514 -135.69   58.43     4.9     0.4     2.7     3.5    13.4     0.34 C     1.0    -1.0     0.3    97.1    58.5    86.9 -99.000 -99.000 -99.000 -99.000 -99.000 -9999.0 -9999.0 -9999.0 -9999.0 -9999.0
25380 20130118  2.514 -135.69   58.43     2.1    -2.1     0.0     0.2     1.7     0.28 C    -0.1    -1.2    -0.4    99.6    64.1    90.8 -99.000 -99.000 -99.000 -99.000 -99.000 -9999.0 -9999.0 -9999.0 -9999.0 -9999.0
25380 20130119  2.514 -135.69   58.43     0.5    -2.9    -1.2    -1.0     0.0     1.38 C    -0.2    -3.1    -1.0    99.9    89.0    96.2 -99.000 -99.000 -99.000 -99.000 -99.000 -9999.0 -9999.0 -9999.0 -9999.0 -9999.0
25380 20130120  2.514 -135.69   58.43     0.6    -1.3    -0.3    -0.2    10.0     0.33 C     0.0    -0.8    -0.2    99.7    91.5    97.3 -99.000 -99.000 -99.000 -99.000 -99.000 -9999.0 -9999.0 -9999.0 -9999.0 -9999.0
25380 20130121  2.514 -135.69   58.43     2.1     0.5     1.3     1.1    11.7     0.65 C     0.3    -0.2     0.1   100.0    97.9    99.0 -99.000 -99.000 -99.000 -99.000 -99.000 -9999.0 -9999.0 -9999.0 -9999.0 -9999.0
25380 20130122  2.514 -135.69   58.43     2.7    -0.4     1.2     1.1     5.4     0.29 C     0.4    -0.5     0.0   100.0    96.9    99.6 -99.000 -99.000 -99.000 -99.000 -99.000 -9999.0 -9999.0 -9999.0 -9999.0 -9999.0
25380 20130123  2.514 -135.69   58.43     4.5     0.4     2.5     2.6     0.7     0.39 C     0.7    -0.5     0.2   100.0    79.0    92.4 -99.000 -99.000 -99.000 -99.000 -99.000 -9999.0 -9999.0 -9999.0 -9999.0 -9999.0
25380 20130124  2.514 -135.69   58.43     4.0    -0.4     1.8     2.4     0.0     0.76 C     0.3    -1.0     0.0    99.5    83.8    92.8 -99.000 -99.000 -99.000 -99.000 -99.000 -9999.0 -9999.0 -9999.0 -9999.0 -9999.0
25380 20130125  2.514 -135.69   58.43     3.7    -0.7     1.5     1.5     0.8     0.63 C     0.7    -0.9     0.1    99.9    93.3    98.8 -99.000 -99.000 -99.000 -99.000 -99.000 -9999.0 -9999.0 -9999.0 -9999.0 -9999.0
25380 20130126  2.514 -135.69   58.43     3.2    -1.4     0.9     1.7     3.9     1.35 C     0.6    -1.2     0.0    98.7    66.4    88.9 -99.000 -99.000 -99.000 -99.000 -99.000 -9999.0 -9999.0 -9999.0 -9999.0 -9999.0
25380 20130127  2.514 -135.69   58.43    -0.4    -8.3    -4.3    -2.8    16.0     1.10 C    -0.3    -8.4    -3.4    97.7    83.4    92.1 -99.000 -99.000 -99.000 -99.000 -99.000 -9999.0 -9999.0 -9999.0 -9999.0 -9999.0
25380 20130128  2.514 -135.69   58.43    -8.3   -17.1   -12.7   -12.9     0.6     1.72 C    -8.4   -24.3   -15.1    88.7    49.8    70.6 -99.000 -99.000 -99.000 -99.000 -99.000 -9999.0 -9999.0 -9999.0 -9999.0 -9999.0
25380 20130129  2.514 -135.69   58.43    -5.5   -12.9    -9.2    -8.9    15.1     0.23 C    -4.7   -13.7    -9.1    97.2    82.1    90.7 -99.000 -99.000 -99.000 -99.000 -99.000 -9999.0 -9999.0 -9999.0 -9999.0 -9999.0
25380 20130130  2.514 -135.69   58.43    -1.3    -5.5    -3.4    -3.0     2.0     0.16 C    -0.2    -5.3    -2.8    99.9    95.4    97.4 -99.000 -99.000 -99.000 -99.000 -99.000 -9999.0 -9999.0 -9999.0 -9999.0 -9999.0
25380 20130131  2.514 -135.69   58.43     1.2    -3.6    -1.2    -0.4     0.0     0.95 C     0.1    -8.1    -1.2    99.9    97.0    98.9 -99.000 -99.000 -99.000 -99.000 -99.000 -9999.0 -9999.0 -9999.0 -9999.0 -9999.0
25380 20130201  2.514 -135.69   58.43     2.0     0.2     1.1     1.2     9.7     0.65 C     0.2    -0.1     0.0    99.9    97.1    99.0 -99.000 -99.000 -99.000 -99.000 -99.000 -9999.0 -9999.0 -9999.0 -9999.0 -9999.0
25380 20130202  2.514 -135.69   58.43     4.6     1.2     2.9     2.4     6.1     0.41 C     0.4    -0.1     0.1    99.9    87.1    96.4 -99.000 -99.000 -99.000 -99.000 -99.000 -9999.0 -9999.0 -9999.0 -9999.0 -9999.0
25380 20130203  2.514 -135.69   58.43     5.5     1.0     3.3     3.4     8.4     1.37 C     0.3    -0.5     0.0    98.4    70.7    85.4 -99.000 -99.000 -99.000 -99.000 -99.000 -9999.0 -9999.0 -9999.0 -9999.0 -9999.0
25380 20130204  2.514 -135.69   58.43     4.0    -3.7     0.2     0.9     1.3     2.21 C     0.3    -2.0    -0.6    99.9    78.0    93.8 -99.000 -99.000 -99.000 -99.000 -99.000 -9999.0 -9999.0 -9999.0 -9999.0 -9999.0
25380 20130205  2.514 -135.69   58.43     1.0    -7.9    -3.4    -2.5     0.0     1.24 C    -0.1    -3.5    -1.3    99.7    93.2    97.1 -99.000 -99.000 -99.000 -99.000 -99.000 -9999.0 -9999.0 -9999.0 -9999.0 -9999.0
25380 20130206  2.514 -135.69   58.43     2.9    -6.2    -1.6    -0.5     0.0     2.73 C     0.2    -3.2    -0.9    99.8    74.1    92.6 -99.000 -99.000 -99.000 -99.000 -99.000 -9999.0 -9999.0 -9999.0 -9999.0 -9999.0
25380 20130207  2.514 -135.69   58.43     3.3    -0.4     1.5     2.0     2.8     2.01 C     0.2    -1.4    -0.1    99.5    79.6    88.8 -99.000 -99.000 -99.000 -99.000 -99.000 -9999.0 -9999.0 -9999.0 -9999.0 -9999.0
25380 20130208  2.514 -135.69   58.43     4.2     1.5     2.9     3.2     9.2     1.31 C     1.0    -0.4     0.3    98.1    84.6    92.0 -99.000 -99.000 -99.000 -99.000 -99.000 -9999.0 -9999.0 -9999.0 -9999.0 -9999.0
25380 20130209  2.514 -135.69   58.43     6.6     2.2     4.4     4.3     9.9     0.47 C     0.7     0.0     0.4    98.4    77.3    89.1 -99.000 -99.000 -99.000 -99.000 -99.000 -9999.0 -9999.0 -9999.0 -9999.0 -9999.0
25380 20130210  2.514 -135.69   58.43     5.5     1.5     3.5     3.3    16.0     0.58 C     0.6    -0.2     0.4    98.1    85.9    93.1 -99.000 -99.000 -99.000 -99.000 -99.000 -9999.0 -9999.0 -9999.0 -9999.0 -9999.0
25380 20130211  2.514 -135.69   58.43     4.5    -0.7     1.9     2.4     1.2     1.95 C     1.6    -0.7     0.4    99.4    74.1    89.5 -99.000 -99.000 -99.000 -99.000 -99.000 -9999.0 -9999.0 -9999.0 -9999.0 -9999.0
25380 20130212  2.514 -135.69   58.43     2.7    -2.8     0.0    -0.3     0.0     4.72 C     0.2    -1.6    -0.7    99.7    59.9    88.9 -99.000 -99.000 -99.000 -99.000 -99.000 -9999.0 -9999.0 -9999.0 -9999.0 -9999.0
25380 20130213  2.514 -135.69   58.43     3.8    -0.3     1.8     1.3     0.0     2.48 C     0.9    -0.6     0.1    98.4    72.6    89.6 -99.000 -99.000 -99.000 -99.000 -99.000 -9999.0 -9999.0 -9999.0 -9999.0 -9999.0
25380 20130214  2.514 -135.69   58.43     6.2     2.5     4.4     4.6     2.9     0.35 C     2.4     0.4     1.5    95.6    69.2    79.0 -99.000 -99.000 -99.000 -99.000 -99.000 -9999.0 -9999.0 -9999.0 -9999.0 -9999.0
25380 20130215  2.514 -135.69   58.43     5.5     0.0     2.8     2.6    21.2     1.77 C     2.3    -0.1     0.9    99.8    85.3    95.7 -99.000 -99.000 -99.000 -99.000 -99.000 -9999.0 -9999.0 -9999.0 -9999.0 -9999.0
25380 20130216  2.514 -135.69   58.43     3.7     0.7     2.2     2.4     1.6     2.37 C     2.7    -1.0     0.6    99.4    57.0    80.9 -99.000 -99.000 -99.000 -99.000 -99.000 -9999.0 -9999.0 -9999.0 -9999.0 -9999.0
25380 20130217  2.514 -135.69   58.43     4.5     0.5     2.5     2.5     0.0     0.83 C     1.4    -0.3     0.6    85.4    61.9    72.3 -99.000 -99.000 -99.000 -99.000 -99.000 -9999.0 -9999.0 -9999.0 -9999.0 -9999.0
25380 20130218  2.514 -135.69   58.43     3.7     0.3     2.0     1.8     4.8     2.34 C     3.5     0.3     1.5    99.9    76.2    93.9 -99.000 -99.000 -99.000 -99.000 -99.000 -9999.0 -9999.0 -9999.0 -9999.0 -9999.0
25380 20130219  2.514 -135.69   58.43     5.6     0.4     3.0     3.1     0.9     3.80 C     5.7     0.5     2.1    99.7    73.9    87.5 -99.000 -99.000 -99.000 -99.000 -99.000 -9999.0 -9999.0 -9999.0 -9999.0 -9999.0
25380 20130220  2.514 -135.69   58.43     4.3     2.2     3.3     3.3     1.0     2.25 C     3.7     0.8     2.1    90.8    65.1    79.9 -99.000 -99.000 -99.000 -99.000 -99.000 -9999.0 -9999.0 -9999.0 -9999.0 -9999.0
25380 20130221  2.514 -135.69   58.43     5.2     2.3     3.8     3.6     0.0     2.43 C     5.5     1.2     2.3    86.7    63.3    76.2 -99.000 -99.000 -99.000 -99.000 -99.000 -9999.0 -9999.0 -9999.0 -9999.0 -9999.0
25380 20130222  2.514 -135.69   58.43     3.5     1.0     2.3     2.5     0.5     2.43 C     4.9     0.9     2.2    96.5    64.8    83.5 -99.000 -99.000 -99.000 -99.000 -99.000 -9999.0 -9999.0 -9999.0 -9999.0 -9999.0
25380 20130223  2.514 -135.69   58.43     2.8     0.3     1.6     1.4     2.6     1.33 C     2.3    -0.9     0.5    96.6    65.2    85.7 -99.000 -99.000 -99.000 -99.000 -99.000 -9999.0 -9999.0 -9999.0 -9999.0 -9999.0
25380 20130224  2.514 -135.69   58.43     3.2    -0.7     1.3     1.5     2.1     2.34 C     4.1    -0.7     0.8    99.1    70.8    89.6 -99.000 -99.000 -99.000 -99.000 -99.000 -9999.0 -9999.0 -9999.0 -9999.0 -9999.0
25380 20130225  2.514 -135.69   58.43     4.2    -2.5     0.9     1.4     0.0     4.43 C     5.4    -1.4     1.4    99.3    51.4    79.1 -99.000 -99.000 -99.000 -99.000 -99.000 -9999.0 -9999.0 -9999.0 -9999.0 -9999.0
25380 20130226  2.514 -135.69   58.43     5.5     2.6     4.1     4.0     0.0     1.74 C     5.2     0.8     2.0    85.9    50.0    63.4 -99.000 -99.000 -99.000 -99.000 -99.000 -9999.0 -9999.0 -9999.0 -9999.0 -9999.0
25380 20130227  2.514 -135.69   58.43     6.5     2.9     4.7     4.9     1.2     1.74 C     4.9     1.3     2.6    92.1    52.3    66.0 -99.000 -99.000 -99.000 -99.000 -99.000 -9999.0 -9999.0 -9999.0 -9999.0 -9999.0
25380 20130228  2.514 -135.69   58.43     6.9     2.3     4.6     4.4     1.2     1.37 C     6.1     0.5     2.7    91.8    53.9    74.9 -99.000 -99.000 -99.000 -99.000 -99.000 -9999.0 -9999.0 -9999.0 -9999.0 -9999.0
25380 20130301  2.514 -135.69   58.43     5.6     0.4     3.0     3.1     1.3     4.22 C     8.9    -0.4     2.8    98.6    76.5    87.9 -99.000 -99.000 -99.000 -99.000 -99.000 -9999.0 -9999.0 -9999.0 -9999.0 -9999.0
25380 20130302  2.514 -135.69   58.43     6.3    -4.3     1.0     1.5 -9999.0     4.97 C     9.4    -3.7     1.9    99.7    72.1    91.9 -99.000 -99.000 -99.000 -99.000 -99.000 -9999.0 -9999.0 -9999.0 -9999.0 -9999.0
25380 20130303  2.514 -135.69   58.43     4.7    -4.6     0.1     0.5     0.0     4.70 C     9.0    -3.4     1.6    98.4    73.9    90.3 -99.000 -99.000 -99.000 -99.000 -99.000 -9999.0 -9999.0 -9999.0 -9999.0 -9999.0
25380 20130304  2.514 -135.69   58.43     5.6    -8.4    -1.4    -2.2     0.0     9.18 C     9.3    -7.5    -1.4    99.4    48.7    85.6 -99.000 -99.000 -99.000 -99.000 -99.000 -9999.0 -9999.0 -9999.0 -9999.0 -9999.0
25380 20130305  2.514 -135.69   58.43     3.4   -11.0    -3.8    -4.2     0.0    10.07 C     7.7    -9.0    -3.1    96.5    50.5    80.7 -99.000 -99.000 -99.000 -99.000 -99.000 -9999.0 -9999.0 -9999.0 -9999.0 -9999.0
25380 20130306  2.514 -135.69   58.43     4.2   -11.7    -3.7    -4.0     0.0    10.21 C     8.6    -9.5    -3.1    95.9    46.0    76.7 -99.000 -99.000 -99.000 -99.000 -99.000 -9999.0 -9999.0 -9999.0 -9999.0 -9999.0
25380 20130307  2.514 -135.69   58.43     4.5   -11.5    -3.5    -2.7     0.0    10.31 C     9.3    -9.8    -1.6    95.4    50.3    77.5 -99.000 -99.000 -99.000 -99.000 -99.000 -9999.0 -9999.0 -9999.0 -9999.0 -9999.0
25380 20130308  2.514 -135.69   58.43     4.8    -5.8    -0.5     1.1     0.3     3.49 C     5.7    -6.0     0.3    97.6    59.4    79.3 -99.000 -99.000 -99.000 -99.000 -99.000 -9999.0 -9999.0 -9999.0 -9999.0 -9999.0
25380 20130309  2.514 -135.69   58.43     3.6     0.0     1.8     2.1    17.1     1.56 C     4.8    -0.1     1.7    99.8    87.5    93.6 -99.000 -99.000 -99.000 -99.000 -99.000 -9999.0 -9999.0 -9999.0 -9999.0 -9999.0
25380 20130310  2.514 -135.69   58.43     5.0    -0.6     2.2     2.1     0.2     7.43 C     9.7    -0.6     2.0    99.6    65.1    86.7 -99.000 -99.000 -99.000 -99.000 -99.000 -9999.0 -9999.0 -9999.0 -9999.0 -9999.0
25380 20130311  2.514 -135.69   58.43     4.2    -0.6     1.8     1.8     0.8     4.23 C     7.3    -0.6     1.6    99.0    70.2    87.7 -99.000 -99.000 -99.000 -99.000 -99.000 -9999.0 -9999.0 -9999.0 -9999.0 -9999.0
25380 20130312  2.514 -135.69   58.43     1.7    -3.5    -0.9    -0.4     0.0     7.45 C     4.6    -3.8    -1.1    95.8    33.4    47.1 -99.000 -99.000 -99.000 -99.000 -99.000 -9999.0 -9999.0 -9999.0 -9999.0 -9999.0
25380 20130313  2.514 -135.69   58.43    -1.4   -12.3    -6.8    -5.0     0.0    12.41 C     4.5   -11.8    -4.0    67.2    26.5    36.6 -99.000 -99.000 -99.000 -99.000 -99.000 -9999.0 -9999.0 -9999.0 -9999.0 -9999.0
25380 20130314  2.514 -135.69   58.43     1.3   -15.1    -6.9    -5.5     0.0    12.37 C     7.8   -12.5    -3.9    88.4    27.1    51.7 -99.000 -99.000 -99.000 -99.000 -99.000 -9999.0 -9999.0 -9999.0 -9999.0 -9999.0
25380 20130315  2.514 -135.69   58.43    -1.8    -5.2    -3.5    -3.1     6.1     4.80 C    -0.4    -5.8    -2.9    95.9    40.2    82.8 -99.000 -99.000 -99.000 -99.000 -99.000 -9999.0 -9999.0 -9999.0 -9999.0 -9999.0
25380 20130316  2.514 -135.69   58.43    -0.5    -3.7    -2.1    -2.2     0.0     5.30 C     0.3    -4.7    -2.4    95.8    68.1    83.4 -99.000 -99.000 -99.000 -99.000 -99.000 -9999.0 -9999.0 -9999.0 -9999.0 -9999.0
25380 20130317  2.514 -135.69   58.43    -0.6   -14.9    -7.7    -3.7     0.7     6.56 C    -0.6   -17.5    -5.3    98.4    39.2    77.4 -99.000 -99.000 -99.000 -99.000 -99.000 -9999.0 -9999.0 -9999.0 -9999.0 -9999.0
25380 20130318  2.514 -135.69   58.43    -1.2   -18.2    -9.7    -7.7     4.1     6.79 C    -0.7   -19.1    -8.2    95.2    48.5    80.4 -99.000 -99.000 -99.000 -99.000 -99.000 -9999.0 -9999.0 -9999.0 -9999.0 -9999.0
25380 20130319  2.514 -135.69   58.43     0.3    -8.2    -3.9    -2.9     0.6     6.05 C     0.0   -13.4    -4.1    94.0    64.9    83.7 -99.000 -99.000 -99.000 -99.000 -99.000 -9999.0 -9999.0 -9999.0 -9999.0 -9999.0
25380 20130320  2.514 -135.69   58.43    -0.5   -15.5    -8.0    -6.6     0.0    13.80 C    -2.3   -19.4   -10.6    91.8    29.3    53.8 -99.000 -99.000 -99.000 -99.000 -99.000 -9999.0 -9999.0 -9999.0 -9999.0 -9999.0
25380 20130321  2.514 -135.69   58.43    -0.6   -14.9    -7.7    -6.9     0.0    14.22 C    -1.1   -17.0    -9.3    89.3    36.4    61.3 -99.000 -99.000 -99.000 -99.000 -99.000 -9999.0 -9999.0 -9999.0 -9999.0 -9999.0
25380 20130322  2.514 -135.69   58.43     0.5   -16.6    -8.0    -5.4     0.0     9.02 C     0.8   -17.4    -5.0    89.1    59.1    77.9 -99.000 -99.000 -99.000 -99.000 -99.000 -9999.0 -9999.0 -9999.0 -9999.0 -9999.0
25380 20130323  2.514 -135.69   58.43     2.8    -4.8    -1.0    -1.0     0.0     5.03 C     1.4    -6.7    -1.6    96.9    59.2    86.4 -99.000 -99.000 -99.000 -99.000 -99.000 -9999.0 -9999.0 -9999.0 -9999.0 -9999.0
25380 20130324  2.514 -135.69   58.43     4.2    -0.5     1.9     1.4     1.6     6.22 C     3.7    -0.9     0.6    98.6    84.8    94.6 -99.000 -99.000 -99.000 -99.000 -99.000 -9999.0 -9999.0 -9999.0 -9999.0 -9999.0
25380 20130325  2.514 -135.69   58.43     7.5     0.9     4.2     3.5     4.7     6.89 C    14.7    -0.3     3.0    99.3    60.2    85.7 -99.000 -99.000 -99.000 -99.000 -99.000 -9999.0 -9999.0 -9999.0 -9999.0 -9999.0
25380 20130326  2.514 -135.69   58.43     2.7    -0.9     0.9     0.8     7.3     9.20 C     0.8    -2.4    -0.5    96.4    61.9    81.2 -99.000 -99.000 -99.000 -99.000 -99.000 -9999.0 -9999.0 -9999.0 -9999.0 -9999.0
25380 20130327  2.514 -135.69   58.43     4.0    -5.7    -0.8     0.5     0.0    12.76 C     9.7    -5.4     0.2    95.2    49.4    67.2 -99.000 -99.000 -99.000 -99.000 -99.000 -9999.0 -9999.0 -9999.0 -9999.0 -9999.0
25380 20130328  2.514 -135.69   58.43     4.2    -6.7    -1.2    -1.2     0.0    11.97 C    15.4    -6.2     0.5    97.7    45.8    73.8 -99.000 -99.000 -99.000 -99.000 -99.000 -9999.0 -9999.0 -9999.0 -9999.0 -9999.0
25380 20130329  2.514 -135.69   58.43     5.1    -3.0     1.1     0.9     0.2     5.92 C     9.2    -2.1     1.7    98.7    54.7    80.3 -99.000 -99.000 -99.000 -99.000 -99.000 -9999.0 -9999.0 -9999.0 -9999.0 -9999.0
25380 20130330  2.514 -135.69   58.43     6.7     0.3     3.5     3.9     3.6     7.21 C    12.8    -0.9     4.3    99.9    72.6    87.1 -99.000 -99.000 -99.000 -99.000 -99.000 -9999.0 -9999.0 -9999.0 -9999.0 -9999.0
25380 20130331  2.514 -135.69   58.43     6.3    -1.0     2.7     2.2     0.0     7.41 C    14.2    -1.3     3.7    99.9    67.9    87.3 -99.000 -99.000 -99.000 -99.000 -99.000 -9999.0 -9999.0 -9999.0 -9999.0 -9999.0
25380 20130401  2.514 -135.69   58.43     4.2     0.0     2.1     1.0    14.8     4.31 C     1.8    -0.3     0.2    99.9    82.5    95.4 -99.000 -99.000 -99.000 -99.000 -99.000 -9999.0 -9999.0 -9999.0 -9999.0 -9999.0
25380 20130402  2.514 -135.69   58.43     5.4    -0.7     2.4     2.1     2.2    10.11 C    13.8    -0.7     3.3    99.4    71.9    90.9 -99.000 -99.000 -99.000 -99.000 -99.000 -9999.0 -9999.0 -9999.0 -9999.0 -9999.0
25380 20130403  2.514 -135.69   58.43     5.5    -5.8    -0.1     0.7     0.0     7.33 C    14.0    -5.6     1.9    99.6    54.4    87.8 -99.000 -99.000 -99.000 -99.000 -99.000 -9999.0 -9999.0 -9999.0 -9999.0 -9999.0
25380 20130404  2.514 -135.69   58.43     5.8    -8.7    -1.4    -0.2     0.0    17.89 C    11.9    -7.5    -0.1    97.8    24.9    51.1 -99.000 -99.000 -99.000 -99.000 -99.000 -9999.0 -9999.0 -9999.0 -9999.0 -9999.0
25380 20130405  2.514 -135.69   58.43     3.7    -7.2    -1.7    -0.3     0.0    18.24 C    12.9    -8.8     0.9    69.7    26.4    42.3 -99.000 -99.000 -99.000 -99.000 -99.000 -9999.0 -9999.0 -9999.0 -9999.0 -9999.0
25380 20130406  2.514 -135.69   58.43     4.4    -2.6     0.9     0.3     1.5     6.45 C     9.8    -2.7     1.4    96.4    68.7    87.7 -99.000 -99.000 -99.000 -99.000 -99.000 -9999.0 -9999.0 -9999.0 -9999.0 -9999.0
25380 20130407  2.514 -135.69   58.43    11.2    -3.4     3.9     4.4     0.0    14.07 C    20.5    -4.6     4.5    98.0    47.2    72.0 -99.000 -99.000 -99.000 -99.000 -99.000 -9999.0 -9999.0 -9999.0 -9999.0 -9999.0
25380 20130408  2.514 -135.69   58.43     7.0    -4.3     1.4     3.5     2.5     2.47 C     6.1    -4.6     2.5    98.2    64.3    81.9 -99.000 -99.000 -99.000 -99.000 -99.000 -9999.0 -9999.0 -9999.0 -9999.0 -9999.0
25380 20130409  2.514 -135.69   58.43     6.5    -0.3     3.1     3.6    11.9     3.60 C     7.6    -1.4     3.3    97.1    70.0    83.6 -99.000 -99.000 -99.000 -99.000 -99.000 -9999.0 -9999.0 -9999.0 -9999.0 -9999.0
25380 20130410  2.514 -135.69   58.43     2.1    -1.7     0.2    -0.3    14.8     8.74 C     1.0    -6.8    -1.3    97.7    66.6    89.7 -99.000 -99.000 -99.000 -99.000 -99.000 -9999.0 -9999.0 -9999.0 -9999.0 -9999.0
25380 20130411  2.514 -135.69   58.43     3.0    -3.3    -0.1     0.5     1.1     9.72 C     0.8   -11.2    -1.4    96.1    67.4    82.2 -99.000 -99.000 -99.000 -99.000 -99.000 -9999.0 -9999.0 -9999.0 -9999.0 -9999.0
25380 20130412  2.514 -135.69   58.43     7.6    -0.2     3.7     3.6     0.0    16.22 C     8.6    -2.7     1.0    77.1    31.5    49.4 -99.000 -99.000 -99.000 -99.000 -99.000 -9999.0 -9999.0 -9999.0 -9999.0 -9999.0
25380 20130413  2.514 -135.69   58.43     8.0    -1.9     3.1     3.1     0.0    20.58 C    14.5    -4.3     2.9    66.1    32.4    47.9 -99.000 -99.000 -99.000 -99.000 -99.000 -9999.0 -9999.0 -9999.0 -9999.0 -9999.0
25380 20130414  2.514 -135.69   58.43     8.9    -5.2     1.9     2.9     0.0    20.66 C    15.4    -5.5     2.9    87.4    33.5    54.1 -99.000 -99.000 -99.000 -99.000 -99.000 -9999.0 -9999.0 -9999.0 -9999.0 -9999.0
25380 20130415  2.514 -135.69   58.43     7.1    -8.3    -0.6     1.3     0.0    16.76 C    16.3    -7.5     3.2    95.7    40.4    67.4 -99.000 -99.000 -99.000 -99.000 -99.000 -9999.0 -9999.0 -9999.0 -9999.0 -9999.0
25380 20130416  2.514 -135.69   58.43     4.4    -1.5     1.5     2.0     1.4     4.28 C     7.6    -1.3     2.4    96.5    70.5    85.9 -99.000 -99.000 -99.000 -99.000 -99.000 -9999.0 -9999.0 -9999.0 -9999.0 -9999.0
25380 20130417  2.514 -135.69   58.43     8.3     2.3     5.3     5.1     0.0    15.79 C    19.7     0.6     7.0    87.8    60.5    76.6 -99.000 -99.000 -99.000 -99.000 -99.000 -9999.0 -9999.0 -9999.0 -9999.0 -9999.0
25380 20130418  2.514 -135.69   58.43     5.9    -5.8     0.1     1.9     0.0    11.96 C    20.0    -6.6     3.8    98.6    55.5    79.3 -99.000 -99.000 -99.000 -99.000 -99.000 -9999.0 -9999.0 -9999.0 -9999.0 -9999.0
25380 20130419  2.514 -135.69   58.43     6.9    -9.6    -1.3     0.1     0.0    22.13 C    17.3    -9.2     1.7    97.5    25.0    52.7 -99.000 -99.000 -99.000 -99.000 -99.000 -9999.0 -9999.0 -9999.0 -9999.0 -9999.0
25380 20130420  2.514 -135.69   58.43     8.6    -7.1     0.8     1.7     0.0    22.33 C    19.3    -8.6     2.9    90.1    26.8    47.4 -99.000 -99.000 -99.000 -99.000 -99.000 -9999.0 -9999.0 -9999.0 -9999.0 -9999.0
25380 20130421  2.514 -135.69   58.43     9.0   -10.1    -0.5     1.3     0.0    20.39 C    24.1    -9.9     4.2    94.6    29.7    61.2 -99.000 -99.000 -99.000 -99.000 -99.000 -9999.0 -9999.0 -9999.0 -9999.0 -9999.0
25380 20130422  2.514 -135.69   58.43     3.6     0.1     1.9     1.9     5.1     5.66 C     8.9    -0.2     3.4    98.3    67.8    88.9 -99.000 -99.000 -99.000 -99.000 -99.000 -9999.0 -9999.0 -9999.0 -9999.0 -9999.0
25380 20130423  2.514 -135.69   58.43     7.0    -0.4     3.3     3.5     0.4     9.71 C    17.1    -0.7     6.2   100.0    64.7    86.5 -99.000 -99.000 -99.000 -99.000 -99.000 -9999.0 -9999.0 -9999.0 -9999.0 -9999.0
25380 20130424  2.514 -135.69   58.43     5.6     2.1     3.9     3.9     8.3     2.11 C     7.7     2.4     4.9    99.0    90.8    97.1 -99.000 -99.000 -99.000 -99.000 -99.000 -9999.0 -9999.0 -9999.0 -9999.0 -9999.0
25380 20130425  2.514 -135.69   58.43     6.0     0.9     3.5     3.5    22.2     4.32 C     8.7     1.7     4.4    98.0    80.5    94.0 -99.000 -99.000 -99.000 -99.000 -99.000 -9999.0 -9999.0 -9999.0 -9999.0 -9999.0
25380 20130426  2.514 -135.69   58.43     1.5     0.1     0.8     0.6    15.0     5.33 C     4.4     0.4     1.8    99.0    95.8    97.7 -99.000 -99.000 -99.000 -99.000 -99.000 -9999.0 -9999.0 -9999.0 -9999.0 -9999.0
25380 20130427  2.514 -135.69   58.43     4.1     0.0     2.1     1.4    12.0     7.03 C     8.7    -0.1     2.7    99.5    80.2    94.2 -99.000 -99.000 -99.000 -99.000 -99.000 -9999.0 -9999.0 -9999.0 -9999.0 -9999.0
25380 20130428  2.514 -135.69   58.43     3.3    -2.5     0.4     0.7     5.6    14.91 C     7.7    -1.8     1.7    98.7    34.3    66.8 -99.000 -99.000 -99.000 -99.000 -99.000 -9999.0 -9999.0 -9999.0 -9999.0 -9999.0
25380 20130429  2.514 -135.69   58.43     5.0    -4.5     0.3     0.6     0.0    24.52 C    12.8    -2.3     3.3    85.2    23.4    43.4 -99.000 -99.000 -99.000 -99.000 -99.000 -9999.0 -9999.0 -9999.0 -9999.0 -9999.0
25380 20130430  2.514 -135.69   58.43     4.0    -0.2     1.9     2.6     0.5     7.63 C     6.5     0.5     3.3    91.6    60.7    76.5 -99.000 -99.000 -99.000 -99.000 -99.000 -9999.0 -9999.0 -9999.0 -9999.0 -9999.0
25380 20130501  2.514 -135.69   58.43     7.2     3.2     5.2     4.9     7.8     3.84 C     6.6     2.5     4.5    93.8    72.2    84.0 -99.000 -99.000 -99.000 -99.000 -99.000 -9999.0 -9999.0 -9999.0 -9999.0 -9999.0
25380 20130502  2.514 -135.69   58.43     8.8     5.4     7.1     6.6     5.9     7.02 C    11.8     4.7     7.5    96.3    83.4    91.5 -99.000 -99.000 -99.000 -99.000 -99.000 -9999.0 -9999.0 -9999.0 -9999.0 -9999.0
25380 20130503  2.514 -135.69   58.43     9.4     5.7     7.6     7.4    14.5     5.66 C    10.6     5.3     7.5    94.6    72.8    86.2 -99.000 -99.000 -99.000 -99.000 -99.000 -9999.0 -9999.0 -9999.0 -9999.0 -9999.0
25380 20130504  2.514 -135.69   58.43    10.3     6.5     8.4     8.1    27.2     2.37 C     8.8     6.3     7.5    97.8    78.0    92.9 -99.000 -99.000 -99.000 -99.000 -99.000 -9999.0 -9999.0 -9999.0 -9999.0 -9999.0
25380 20130505  2.514 -135.69   58.43     7.9     5.4     6.7     6.5     0.2     4.31 C     9.6     6.0     7.2    97.4    79.5    91.1 -99.000 -99.000 -99.000 -99.000 -99.000 -9999.0 -9999.0 -9999.0 -9999.0 -9999.0
25380 20130506  2.514 -135.69   58.43     8.7     1.5     5.1     5.4     0.2    13.76 C    16.2     4.5     8.2    97.9    58.7    81.3 -99.000 -99.000 -99.000 -99.000 -99.000 -9999.0 -9999.0 -9999.0 -9999.0 -9999.0
25380 20130507  2.514 -135.69   58.43    11.2    -2.2     4.5     5.5     0.0    22.85 C    19.6     1.6     9.5    99.4    53.7    75.6 -99.000 -99.000 -99.000 -99.000 -99.000 -9999.0 -9999.0 -9999.0 -9999.0 -9999.0
25380 20130508  2.514 -135.69   58.43    15.2    -3.8     5.7     6.3     0.0    25.78 C    22.0    -0.9    10.0    98.8    30.6    66.7 -99.000 -99.000 -99.000 -99.000 -99.000 -9999.0 -9999.0 -9999.0 -9999.0 -9999.0
25380 20130509  2.514 -135.69   58.43    17.0    -2.9     7.1     7.9     0.0    20.99 C    22.0     0.3    10.0    98.7    30.5    64.2 -99.000 -99.000 -99.000 -99.000 -99.000 -9999.0 -9999.0 -9999.0 -9999.0 -9999.0
25380 20130510  2.514 -135.69   58.43    18.3    -2.9     7.7     9.4     0.0    23.82 C    25.4    -0.2    12.0    98.2    29.6    61.0 -99.000 -99.000 -99.000 -99.000 -99.000 -9999.0 -9999.0 -9999.0 -9999.0 -9999.0
25380 20130511  2.514 -135.69   58.43     8.6     4.7     6.7     7.1    15.6     3.07 C    12.1     5.3     8.9    99.4    85.9    96.1 -99.000 -99.000 -99.000 -99.000 -99.000 -9999.0 -9999.0 -9999.0 -9999.0 -9999.0
25380 20130512  2.514 -135.69   58.43    13.3     5.6     9.5     8.6     7.4    10.44 C    20.0     6.7    11.4    99.6    75.5    93.6 -99.000 -99.000 -99.000 -99.000 -99.000 -9999.0 -9999.0 -9999.0 -9999.0 -9999.0
25380 20130513  2.514 -135.69   58.43     9.1     7.1     8.1     7.9     9.6     4.12 C    11.1     7.8     9.3    99.1    80.8    94.1 -99.000 -99.000 -99.000 -99.000 -99.000 -9999.0 -9999.0 -9999.0 -9999.0 -9999.0
25380 20130514  2.514 -135.69   58.43    10.4     6.8     8.6     8.2     1.4     7.16 C    12.7     7.0     9.2    96.2    73.9    86.0 -99.000 -99.000 -99.000 -99.000 -99.000 -9999.0 -9999.0 -9999.0 -9999.0 -9999.0
25380 20130515  2.514 -135.69   58.43    10.7    -0.4     5.2     6.8     2.5    13.50 C    19.0     2.9     9.8    99.6    50.9    78.8 -99.000 -99.000 -99.000 -99.000 -99.000 -9999.0 -9999.0 -9999.0 -9999.0 -9999.0
25380 20130516  2.514 -135.69   58.43    12.6    -2.0     5.3     6.0     0.0    20.70 C    20.1     0.7    10.2    99.7    54.5    78.5 -99.000 -99.000 -99.000 -99.000 -99.000 -9999.0 -9999.0 -9999.0 -9999.0 -9999.0
25380 20130517  2.514 -135.69   58.43    11.9     3.5     7.7     8.1     2.7     5.02 C    12.7     6.1     9.4    98.7    62.8    85.9 -99.000 -99.000 -99.000 -99.000 -99.000 -9999.0 -9999.0 -9999.0 -9999.0 -9999.0
25380 20130518  2.514 -135.69   58.43     9.3     2.0     5.7     6.6     5.3     9.90 C    15.4     4.5     8.8    98.9    53.1    82.1 -99.000 -99.000 -99.000 -99.000 -99.000 -9999.0 -9999.0 -9999.0 -9999.0 -9999.0
25380 20130519  2.514 -135.69   58.43     8.0    -0.9     3.6     4.1     0.4    19.39 C    18.9     2.0     8.1    98.0    47.6    76.4 -99.000 -99.000 -99.000 -99.000 -99.000 -9999.0 -9999.0 -9999.0 -9999.0 -9999.0
25380 20130520  2.514 -135.69   58.43    11.2    -2.2     4.5     6.2     1.6    28.27 C    19.3    -0.4     8.4    99.6    25.8    53.2 -99.000 -99.000 -99.000 -99.000 -99.000 -9999.0 -9999.0 -9999.0 -9999.0 -9999.0
25380 20130521  2.514 -135.69   58.43    16.0     3.5     9.8    10.7     0.0    28.59 C    21.9     1.1    10.0    48.6    21.7    32.1 -99.000 -99.000 -99.000 -99.000 -99.000 -9999.0 -9999.0 -9999.0 -9999.0 -9999.0
25380 20130522  2.514 -135.69   58.43    17.1    -1.3     7.9     9.5     0.0    27.80 C    29.4    -1.2    11.7    99.2    26.9    55.4 -99.000 -99.000 -99.000 -99.000 -99.000 -9999.0 -9999.0 -9999.0 -9999.0 -9999.0
25380 20130523  2.514 -135.69   58.43    15.6    -2.5     6.6     7.8     0.0    26.27 C    25.0    -2.9    10.8    99.9    37.5    72.0 -99.000 -99.000 -99.000 -99.000 -99.000 -9999.0 -9999.0 -9999.0 -9999.0 -9999.0
25380 20130524  2.514 -135.69   58.43    15.2    -0.6     7.3     8.2     0.0    14.35 C    22.3    -0.5    10.9   100.0    50.7    78.3 -99.000 -99.000 -99.000 -99.000 -99.000 -9999.0 -9999.0 -9999.0 -9999.0 -9999.0
25380 20130525  2.514 -135.69   58.43    13.7     1.3     7.5     8.9     0.2    11.46 C    24.0     0.3    11.0    99.2    62.0    83.0 -99.000 -99.000 -99.000 -99.000 -99.000 -9999.0 -9999.0 -9999.0 -9999.0 -9999.0
25380 20130526  2.514 -135.69   58.43    18.3    -1.3     8.5    10.2     0.0    27.65 C    32.2    -0.7    14.8   100.0    47.8    74.7 -99.000 -99.000 -99.000 -99.000 -99.000 -9999.0 -9999.0 -9999.0 -9999.0 -9999.0
25380 20130527  2.514 -135.69   58.43    21.1     1.9    11.5    12.5     0.0    26.52 C    33.4     1.0    16.6    99.7    35.8    68.0 -99.000 -99.000 -99.000 -99.000 -99.000 -9999.0 -9999.0 -9999.0 -9999.0 -9999.0
25380 20130528  2.514 -135.69   58.43    23.8     2.9    13.4    14.7     0.0    27.85 C    36.8     2.2    18.2    99.0    31.0    58.5 -99.000 -99.000 -99.000 -99.000 -99.000 -9999.0 -9999.0 -9999.0 -9999.0 -9999.0
25380 20130529  2.514 -135.69   58.43    20.3     4.9    12.6    12.5     0.2    25.46 C    36.2     3.6    17.8    94.1    43.5    69.9 -99.000 -99.000 -99.000 -99.000 -99.000 -9999.0 -9999.0 -9999.0 -9999.0 -9999.0
25380 20130530  2.514 -135.69   58.43    16.3     8.4    12.4    11.3     1.0    11.95 C    28.3     8.9    15.1    96.5    61.2    81.5 -99.000 -99.000 -99.000 -99.000 -99.000 -9999.0 -9999.0 -9999.0 -9999.0 -9999.0
25380 20130531  2.514 -135.69   58.43     9.4     7.1     8.3     8.3    24.8     4.04 C    14.0     7.6    10.3    98.5    88.2    95.3 -99.000 -99.000 -99.000 -99.000 -99.000 -9999.0 -9999.0 -9999.0 -9999.0 -9999.0
25380 20130601  2.514 -135.69   58.43     9.2     6.6     7.9     7.7    14.0     5.80 C    13.5     7.5    10.1    98.5    89.0    94.6 -99.000 -99.000 -99.000 -99.000 -99.000 -9999.0 -9999.0 -9999.0 -9999.0 -9999.0
25380 20130602  2.514 -135.69   58.43    13.4     6.6    10.0     9.4     0.2    15.01 C    22.7     8.1    13.0    99.0    56.5    81.4 -99.000 -99.000 -99.000 -99.000 -99.000 -9999.0 -9999.0 -9999.0 -9999.0 -9999.0
25380 20130603  2.514 -135.69   58.43    13.2     6.7    10.0     9.6     3.7     9.06 C    19.5     8.3    12.4    98.8    60.6    87.0 -99.000 -99.000 -99.000 -99.000 -99.000 -9999.0 -9999.0 -9999.0 -9999.0 -9999.0
25380 20130604  2.514 -135.69   58.43    12.7     7.5    10.1     9.7     2.2     8.92 C    19.0     7.9    11.7    98.7    66.0    84.0 -99.000 -99.000 -99.000 -99.000 -99.000 -9999.0 -9999.0 -9999.0 -9999.0 -9999.0
25380 20130605  2.514 -135.69   58.43     9.5     6.7     8.1     8.2    10.4     7.07 C    13.2     7.5    10.2    97.9    87.0    91.9 -99.000 -99.000 -99.000 -99.000 -99.000 -9999.0 -9999.0 -9999.0 -9999.0 -9999.0
25380 20130606  2.514 -135.69   58.43    13.2     6.3     9.8     8.8     3.6    10.47 C    18.4     7.4    11.5    98.3    60.8    88.4 -99.000 -99.000 -99.000 -99.000 -99.000 -9999.0 -9999.0 -9999.0 -9999.0 -9999.0
25380 20130607  2.514 -135.69   58.43    16.3     4.9    10.6    10.6     0.4    20.33 C    26.1     6.1    14.0    98.9    50.5    82.7 -99.000 -99.000 -99.000 -99.000 -99.000 -9999.0 -9999.0 -9999.0 -9999.0 -9999.0
25380 20130608  2.514 -135.69   58.43    17.7     1.0     9.4    10.8     0.0    24.20 C    28.5     2.7    14.3    99.9    44.5    75.0 -99.000 -99.000 -99.000 -99.000 -99.000 -9999.0 -9999.0 -9999.0 -9999.0 -9999.0
25380 20130609  2.514 -135.69   58.43    18.3     0.6     9.5    11.0     0.0    29.17 C    30.6     1.5    15.4    99.8    45.0    75.7 -99.000 -99.000 -99.000 -99.000 -99.000 -9999.0 -9999.0 -9999.0 -9999.0 -9999.0
25380 20130610  2.514 -135.69   58.43    20.6     3.4    12.0    11.7     0.0    26.41 C    32.6     3.5    16.2    99.9    46.2    79.8 -99.000 -99.000 -99.000 -99.000 -99.000 -9999.0 -9999.0 -9999.0 -9999.0 -9999.0
25380 20130611  2.514 -135.69   58.43    24.2     1.8    13.0    12.6     0.0    27.19 C    36.1     2.3    17.4   100.0    31.4    72.0 -99.000 -99.000 -99.000 -99.000 -99.000 -9999.0 -9999.0 -9999.0 -9999.0 -9999.0
25380 20130612  2.514 -135.69   58.43    15.6     4.5    10.1    10.8     0.0    28.31 C    31.3     3.1    16.4    99.7    57.7    80.1 -99.000 -99.000 -99.000 -99.000 -99.000 -9999.0 -9999.0 -9999.0 -9999.0 -9999.0
